dpi,ICTF,1,1000,0.2451,320.871483,714.207759
dpi,CAIDA64,1,1000,7.0214,9.451344,13.270587
dpi,CAIDA256,1,1000,0.6281,87.476413,151.819517
dpi,CAIDA512,1,1000,0.2817,305.001309,368.509373
dpi,CAIDA1024,1,1000,0.1346,516.889337,726.721079
dpi,ICTF,2,1000,0.35,250.884068,775.5338
dpi,CAIDA64,2,1000,10.2987,9.622444,13.380004
dpi,CAIDA256,2,1000,1.156,59.285029,116.963631
dpi,CAIDA512,2,1000,0.5251,159.352632,333.19463
dpi,CAIDA1024,2,1000,0.2497,304.287511,670.360587
dpi,ICTF,4,1000,0.4268,211.685708,858.457755
dpi,CAIDA64,4,1000,11.2345,10.217144,15.958549
dpi,CAIDA256,4,1000,1.898,44.922458,119.571152
dpi,CAIDA512,4,1000,0.8756,98.093682,299.68603
dpi,CAIDA1024,4,1000,0.4193,207.17356,691.289383
dpi-hs,ICTF,1,1000,1.7635,48.795142,87.518453
dpi-hs,CAIDA64,1,1000,6.6383,9.81213,13.033271
dpi-hs,CAIDA256,1,1000,3.5606,20.865523,26.006139
dpi-hs,CAIDA512,1,1000,2.1357,28.920937,34.399389
dpi-hs,CAIDA1024,1,1000,1.1951,72.180593,77.629221
dpi-hs,ICTF,2,1000,1.8534,46.154376,86.844731
dpi-hs,CAIDA64,2,1000,8.4338,9.58904,13.61695
dpi-hs,CAIDA256,2,1000,4.5008,20.105263,25.519702
dpi-hs,CAIDA512,2,1000,2.3449,40.049377,48.333158
dpi-hs,CAIDA1024,2,1000,1.1972,104.84207,117.820694
dpi-hs,ICTF,4,1000,1.8531,47.097649,88.722416
dpi-hs,CAIDA64,4,1000,9.3289,10.384524,17.038735
dpi-hs,CAIDA256,4,1000,4.5166,25.229994,35.296555
dpi-hs,CAIDA512,4,1000,2.348,49.535037,67.235034
dpi-hs,CAIDA1024,4,1000,1.1973,106.739823,127.774618
dpi-ipsec,ICTF_IPSEC,1,1000,0.2377,236.276399,531.442218
dpi-ipsec,CAIDA64_IPSEC,1,1000,1.4591,57.164653,67.432687
dpi-ipsec,CAIDA256_IPSEC,1,1000,0.4313,164.238814,228.27944
dpi-ipsec,CAIDA512_IPSEC,1,1000,0.232,276.252572,418.393503
dpi-ipsec,CAIDA1024_IPSEC,1,1000,0.1212,561.252965,784.378923
dpi-ipsec,ICTF_IPSEC,2,1000,0.4511,197.389242,549.887317
dpi-ipsec,CAIDA64_IPSEC,2,1000,2.7492,30.864012,57.106338
dpi-ipsec,CAIDA256_IPSEC,2,1000,0.8572,88.172823,168.68673
dpi-ipsec,CAIDA512_IPSEC,2,1000,0.4531,163.582507,323.5462
dpi-ipsec,CAIDA1024_IPSEC,2,1000,0.2342,370.821745,791.293885
dpi-ipsec,ICTF_IPSEC,4,1000,0.7743,114.687648,383.171695
dpi-ipsec,CAIDA64_IPSEC,4,1000,4.7143,22.655048,45.306944
dpi-ipsec,CAIDA256_IPSEC,4,1000,1.5386,60.65635,144.771679
dpi-ipsec,CAIDA512_IPSEC,4,1000,0.8216,108.063544,280.281498
dpi-ipsec,CAIDA1024_IPSEC,4,1000,0.4236,204.235553,571.434799
dpi-hs-ipsec,ICTF_IPSEC,1,1000,0.7361,88.394652,142.654319
dpi-hs-ipsec,CAIDA64_IPSEC,1,1000,1.3567,61.530538,71.632264
dpi-hs-ipsec,CAIDA256_IPSEC,1,1000,1.0047,52.740819,73.891452
dpi-hs-ipsec,CAIDA512_IPSEC,1,1000,0.7963,67.404324,90.604763
dpi-hs-ipsec,CAIDA1024_IPSEC,1,1000,0.5719,121.818294,153.420141
dpi-hs-ipsec,ICTF_IPSEC,2,1000,1.3473,59.793809,117.743711
dpi-hs-ipsec,CAIDA64_IPSEC,2,1000,2.5547,32.928374,61.300896
dpi-hs-ipsec,CAIDA256_IPSEC,2,1000,1.946,39.44259,71.824334
dpi-hs-ipsec,CAIDA512_IPSEC,2,1000,1.5217,56.657609,102.203543
dpi-hs-ipsec,CAIDA1024_IPSEC,2,1000,1.0871,80.510177,138.850958
dpi-hs-ipsec,ICTF_IPSEC,4,1000,1.6876,58.272092,103.409199
dpi-hs-ipsec,CAIDA64_IPSEC,4,1000,4.4334,23.770066,48.201037
dpi-hs-ipsec,CAIDA256_IPSEC,4,1000,3.4838,33.408108,66.323676
dpi-hs-ipsec,CAIDA512_IPSEC,4,1000,2.1094,59.858515,74.380825
dpi-hs-ipsec,CAIDA1024_IPSEC,4,1000,1.1322,112.922492,133.016575
